1v

&anull 44444 lid) 444444 flu war, 444444 in bem nun 44444444
4444444444 4444 ῧ414444 in 344444 in 444444 44444444 444 444
444444 444 (444444 44444444 4444 llum im 34444 47 4444 444 4444444
in 444 &enat 4444444444.

llll 4444444444 4444444 444 44444444 444 44τᾶ444 im afrila·
nilthen 4444444 14444444 44 4444 §lictum 4444444444 44444444 444 44444
44444 null) 444 64444444 444 4444444 444 {lubre 46 4. (444. 444 4444
¹ 4444 44444 4344444444 414 6444444444 444 44444 ’3444444 Africa
nova beltelll, 4444444 444 bem lllnige 3444 4444444444444 44444
4444444444 44444444. 44444 [44444 44 nicht 4444 4444 444 44444 444444
444 44444444 &loll 44444 144444 im bellum Iugurthinum 4444444444,
4444444 44 444444 lid) 444) 444 444444 444444ίὶ44444 4444444444 44444),
4444444, 444 44444 44 444 4444 444444 44444444 llud] 44444 44444 444444
[444441444444Ι 444 4444444444 horti Sallustiani hei 444 porta Collina,
lm llnrhnlten 444 &aba 44444444. wie 444444 <le repetundis, 4444444
bie ‘Btnningbemoljner 4444444, 4444 44444444, 44444444 444444 lie 4444
44444 44444.

4444 444 (4444444444 441444 im 34444 44 4444 4444 444 45444444
444 34444444 44444444, 444 444 ’4444444444 534444 444444444444.
ῧιι 4444444444 444444 in leincm 4444444444 &eim 44444444 44 444 444
gana 444 (4444444444444444 444 [turb letn 4444 4344444444444444 im
84444 35 4. (444.

2. 6444444 64444444.

34 4444444 allen 444444, 444 bellum Catilinae, gibt 444 &ullust
eine 4444444444 444 4444444444 444 (444444 444 444 4444444444
44444 44444444, 444 444 4444444444 4444444444 4444444 444 44444 444444
4344444444 444 444444444444 444444444444444 44444444 444 444444
au ffihren, bie 444 444444 (4444444444 5444444444, 44444 44 44 4444
[otene 4444444444434411444 4444444444444444 444, 444, 44444 lie 44444
[insen 44444, 444 44444 444444, 444 4444444444 Θ44444444Ῑ44 mit 444 4444
444444 54 444444.

4444 bellum Iugurthinum 444 444 4444444444 44444 gum
4444444444, 444 llum 111 444 144 4. 444. mil 444 4444444444444
84444444 444444. 44444 444] iu lieler &chtilt 444444 444 4444444444 444
4444 444444444444444 444 444 4544444444, 444 44 444444, 44Ῑ4 444

..fin

 

